0 282.3 267.8 1 5 28
1 223.6 323.3 0 3 3 17
2 137.9 330.2 3 22 23 30
3 194.0 240.9 1 2 4 25
4 111.9 198.0 3 10 21 22 25
5 235.0 186.3 0 12 25
6 400.9 180.5 28 28 28 28 28 28 29 29 29 29 29 29
7 35.8 114.7 10 24
8 400.9 400.9 17 17 19
9 322.5 35.8 13 13 13 14 18
10 35.8 184.5 4 7
11 103.3 35.8 24 25 26
12 321.8 207.4 5 14 18 28
13 400.9 35.8 9 9 9 29 29 29
14 221.3 120.5 9 12 20 26
15 35.8 328.9 21 23
16 327.2 326.1 0 17 17
17 304.2 400.9 1 1 8 8 16
18 315.9 128.3 9 12 14
19 400.9 319.5 8 8 8 28
20 263.3 35.8 14 26
21 35.8 255.9 4 15
22 114.2 268.1 2 4
23 35.8 400.9 2 15 27
24 35.8 35.8 7 11
25 130.7 119.5 3 4 5 11 14
26 182.5 35.8 11 14 20
27 127.1 400.9 23 30
28 400.9 251.3 0 6 6 6 12 19
29 400.9 109.5 6 6 6 13 13 13
30 219.6 400.9 2 27
